15077 2503.0
15105 1855.0
15121 4373.0
15122 4383.0
15123 3002.0
15128 4104.0
15129 970.0
15136 5492.0
15137 2881.0
15138 932.0
15143 2123.0
15144 1247.0
15145 1218.0
15146 860.0
15147 831.0
15152 830.0
15157 1275.0
15158 1171.0
15159 820.0
15160 595.0
15169 879.0
15170 620.0
15180 1010.0
15181 741.0
15182 79.0
15183 115.0
15184 712.0
15189 659.0
15190 12.0
15191 2546.0
15195 512.0
15196 502.0
15197 30.0
15198 39.0
15204 561.0
15205 479.0
15206 450.0
15207 390.0
15208 449.0
15209 470.0
15210 41.0
15212 1260.0
15213 860.0
15214 675.0
15215 442.0
15216 440.0
15217 410.0
15218 353.0
15219 485.0
15223 1801.0
15224 1478.0
15225 1371.0
15226 545.0
15227 390.0
32484 17.0
33464 75.0
38624 250.0
38672 500.0
38699 380.0
38707 1280.0
38798 200.0
40691 390.0
57593 235.9
57594 66.9
57595 86.9
57596 71.9
57597 466.9
57598 391.1
57599 545.9
57600 771.0
57601 420.9
57602 398.0
57603 387.1
57604 432.1
57605 461.0
57606 413.1
57607 664.0
57608 421.9
57609 516.1
57610 382.9
57611 950.1
57612 653.9
57613 518.0
57614 424.9
57615 580.1
57616 578.1
57617 84.0
57618 902.9
57619 784.1
57620 543.0
57621 611.9
57622 53.1
57623 497.0
57624 515.1
57625 502.0
57626 499.0
57627 523.0
57628 503.0
57629 90.9
57630 816.9
57631 730.0
57632 1065.9
57633 387.1
57634 401.9
57635 547.9
57636 461.9
57637 408.1
57638 512.1
57639 1200.1
57640 456.0
57641 473.1
57642 898.0
57643 382.9
57644 464.9
57645 467.8
57646 610.9
57647 409.1
57648 585.0
57649 67.9
57650 2362.9
57651 695.9
57652 513.1
57653 779.9
57654 384.8
57655 655.8
57656 538.1
57657 544.0
57658 495.1
57659 399.9
57660 852.0
57661 169.9
57662 91.9
57663 210.0
57664 393.0
57665 764.1
57666 474.1
57667 517.1
57668 721.1
57669 980.0
57670 399.9
57671 408.1
57672 403.9
57673 513.1
57674 51.8
57675 419.9
57676 448.2
57677 1208.0
57678 780.8
57679 392.1
57680 811.0
57681 858.9
57682 445.9
57683 423.9
57684 453.1
57685 488.8
57686 755.9
57687 704.1
57688 400.9
57689 528.9
57690 451.1
57691 1368.1
57692 393.0
57693 244.1
57694 690.9
57695 442.9
57696 779.9
57697 451.1
57698 877.0
57699 375.0
57700 202.1
57701 417.0
57702 859.9
57703 637.1
57704 495.1
66779 2299.9
66795 1128.0
66804 20.0
66809 3839.9
66812 3373.0
66823 1826.1
66827 3058.1
66830 1935.0
66844 3500.0
66864 3560.0
66898 3549.9
66904 2399.9
66909 1500.0
67730 4770.0
67748 4220.1
67749 2680.1
67752 4930.1
67753 4950.1
68183 473.1
68184 853.0
70196 601.0
70197 425.9
70198 845.1
71289 442.9
71597 588.9
76388 501.0
77200 755.9
77201 655.8
78431 973.1
78772 43.0
79250 403.9
79251 451.1
